OVERVIEW 
 
Created on 07/03/2017 at 14:32
 
Resolution 50m
 
+-----------+--------------------+-----------------+
| Test Name |  Similarity Score* | Length of Array |
+-----------+--------------------+-----------------+
|     0     |      0.71622       |       296       |
|     1     |      0.04422       |       241       |
|     2     |      0.32432       |       296       |
|     3     |      0.40476       |       292       |
|     4     |      0.01361       |        92       |
|     5     |       0.0102       |        44       |
|     6     |      0.05102       |       225       |
|     7     |      0.04082       |       152       |
|     8     |       0.0034       |       196       |
|     9     |       0.0034       |       115       |
|     10    |      0.04762       |       106       |
|     11    |      0.03838       |       469       |
|     12    |      0.02185       |       961       |
|     13    |      0.01146       |       1222      |
|     14    |      0.00923       |       542       |
|     15    |      0.01602       |       749       |
|     16    |      0.02814       |       924       |
|     17    |      0.02248       |       934       |
|     18    |      0.00435       |       460       |
|     19    |      0.02721       |       165       |
|     20    |      0.01701       |       277       |
|     21    |      0.01701       |       209       |
|     22    |       0.0102       |       216       |
|     23    |      0.02778       |       360       |
|     24    |      0.05102       |       208       |
|     25    |      0.02381       |       269       |
|     26    |      0.01441       |       347       |
|     27    |      0.02254       |       355       |
|     28    |      0.01635       |       367       |
|     29    |      0.00191       |       523       |
|     30    |      0.00943       |       424       |
+-----------+--------------------+-----------------+
The most similar array at 50 resolution is 0 with a similarity score of 0.7162 
 
 Resolution 100m
 
+-----------+--------------------+-----------------+
| Test Name |  Similarity Score* | Length of Array |
+-----------+--------------------+-----------------+
|     0     |      0.63699       |       146       |
|     1     |      0.07692       |       118       |
|     2     |      0.51316       |       152       |
|     3     |      0.70629       |       143       |
|     4     |      0.02098       |        48       |
|     5     |      0.01399       |        19       |
|     6     |      0.06993       |       116       |
|     7     |      0.05594       |        71       |
|     8     |      0.00699       |        93       |
|     9     |      0.00699       |        56       |
|     10    |      0.05594       |        54       |
|     11    |      0.05128       |       234       |
|     12    |      0.03983       |       477       |
|     13    |      0.01645       |       608       |
|     14    |      0.02583       |       271       |
|     15    |      0.04032       |       372       |
|     16    |      0.05033       |       457       |
|     17    |      0.03888       |       463       |
|     18    |      0.00881       |       227       |
|     19    |      0.04895       |        83       |
|     20    |      0.04196       |       138       |
|     21    |      0.04196       |       102       |
|     22    |      0.02098       |       113       |
|     23    |      0.06111       |       180       |
|     24    |      0.06294       |       110       |
|     25    |      0.04196       |       137       |
|     26    |      0.08772       |       171       |
|     27    |      0.06818       |       176       |
|     28    |      0.03846       |       182       |
|     29    |      0.00389       |       257       |
|     30    |      0.01878       |       213       |
+-----------+--------------------+-----------------+
The most similar array at 100 resolution is 3 with a similarity score of 0.7063 
 
 Resolution 200m
 
+-----------+--------------------+-----------------+
| Test Name |  Similarity Score* | Length of Array |
+-----------+--------------------+-----------------+
|     0     |      0.81579       |        72       |
|     1     |      0.18421       |        55       |
|     2     |      0.68421       |        71       |
|     3     |      0.80263       |        69       |
|     4     |      0.02632       |        21       |
|     5     |      0.01316       |        9        |
|     6     |      0.14474       |        54       |
|     7     |      0.09211       |        33       |
|     8     |      0.01316       |        45       |
|     9     |      0.01316       |        27       |
|     10    |      0.07895       |        24       |
|     11    |      0.11765       |       119       |
|     12    |      0.06695       |       239       |
|     13    |      0.02703       |       296       |
|     14    |      0.05303       |       132       |
|     15    |      0.06878       |       189       |
|     16    |      0.09375       |       224       |
|     17    |      0.10268       |       224       |
|     18    |      0.01786       |       112       |
|     19    |      0.07895       |        44       |
|     20    |      0.05263       |        66       |
|     21    |      0.06579       |        50       |
|     22    |      0.03947       |        54       |
|     23    |      0.12222       |        90       |
|     24    |      0.09211       |        52       |
|     25    |      0.06579       |        68       |
|     26    |      0.12644       |        87       |
|     27    |      0.12791       |        86       |
|     28    |      0.06593       |        91       |
|     29    |      0.04688       |       128       |
|     30    |      0.03704       |       108       |
+-----------+--------------------+-----------------+
The most similar array at 200 resolution is 0 with a similarity score of 0.8158 
 
 Resolution 500m
 
+-----------+--------------------+-----------------+
| Test Name |  Similarity Score* | Length of Array |
+-----------+--------------------+-----------------+
|     0     |      0.85185       |        27       |
|     1     |      0.37037       |        20       |
|     2     |      0.81481       |        26       |
|     3     |      0.85185       |        26       |
|     4     |      0.07407       |        8        |
|     5     |      0.03704       |        2        |
|     6     |       0.2963       |        18       |
|     7     |      0.22222       |        11       |
|     8     |      0.07407       |        19       |
|     9     |      0.03704       |        9        |
|     10    |      0.18519       |        8        |
|     11    |      0.23913       |        46       |
|     12    |      0.15464       |        97       |
|     13    |      0.05217       |       115       |
|     14    |      0.18868       |        53       |
|     15    |      0.15584       |        77       |
|     16    |      0.15116       |        86       |
|     17    |      0.16092       |        87       |
|     18    |      0.13333       |        45       |
|     19    |      0.18519       |        15       |
|     20    |      0.14815       |        25       |
|     21    |      0.18519       |        20       |
|     22    |      0.11111       |        20       |
|     23    |      0.27273       |        33       |
|     24    |      0.25926       |        20       |
|     25    |      0.14815       |        26       |
|     26    |      0.29032       |        31       |
|     27    |      0.20588       |        34       |
|     28    |      0.13514       |        37       |
|     29    |       0.125        |        48       |
|     30    |      0.09756       |        41       |
+-----------+--------------------+-----------------+
The most similar array at 500 resolution is 0 with a similarity score of 0.8519 
 
 Resolution 1000m
 
+-----------+--------------------+-----------------+
| Test Name |  Similarity Score* | Length of Array |
+-----------+--------------------+-----------------+
|     0     |      0.91667       |        10       |
|     1     |      0.66667       |        9        |
|     2     |      0.91667       |        11       |
|     3     |      0.91667       |        10       |
|     4     |      0.16667       |        2        |
|     5     |      0.16667       |        1        |
|     6     |        0.5         |        9        |
|     7     |        0.25        |        4        |
|     8     |      0.08333       |        9        |
|     9     |      0.08333       |        5        |
|     10    |      0.16667       |        2        |
|     11    |      0.33333       |        21       |
|     12    |        0.25        |        44       |
|     13    |      0.07692       |        52       |
|     14    |      0.33333       |        24       |
|     15    |      0.15789       |        38       |
|     16    |      0.16667       |        36       |
|     17    |      0.13158       |        38       |
|     18    |      0.33333       |        18       |
|     19    |        0.25        |        9        |
|     20    |      0.42857       |        14       |
|     21    |      0.41667       |        9        |
|     22    |      0.16667       |        10       |
|     23    |       0.5625       |        16       |
|     24    |      0.58333       |        9        |
|     25    |      0.53846       |        13       |
|     26    |       0.4375       |        16       |
|     27    |        0.4         |        15       |
|     28    |      0.35294       |        17       |
|     29    |        0.32        |        25       |
|     30    |      0.26316       |        19       |
+-----------+--------------------+-----------------+
The most similar array at 1000 resolution is 0 with a similarity score of 0.9167 
 
 SUMMARY OF RESULTS 
 
+------------+----------+---------+
| Resolution | Best Fit |  Value  |
+------------+----------+---------+
|     50     |    0     | 0.71622 |
|    100     |    3     | 0.70629 |
|    200     |    0     | 0.81579 |
|    500     |    0     | 0.85185 |
|    1000    |    0     | 0.91667 |
+------------+----------+---------+
 
 * number of numbers common to both reference and test  / max(len(reference), len(test)) . 
 
